-1 2 3 4 5 6 0
-2 1 0
-3 1 0
-4 1 0
-5 1 0
-6 1 0
-7 8 9 10 11 12 13 0
-8 7 0
-9 7 0
-10 7 0
-11 7 0
-12 7 0
-13 7 0
-14 15 16 17 18 19 20 21 0
-15 14 0
-16 14 0
-17 14 0
-18 14 0
-19 14 0
-20 14 0
-21 14 0
-22 23 24 25 26 27 0
-23 22 0
-24 22 0
-25 22 0
-26 22 0
-27 22 0
-28 29 30 31 32 33 0
-29 28 0
-30 28 0
-31 28 0
-32 28 0
-33 28 0
-34 35 36 37 38 39 40 0
-35 34 0
-36 34 0
-37 34 0
-38 34 0
-39 34 0
-40 34 0
-41 42 43 44 45 46 47 48 0
-42 41 0
-43 41 0
-44 41 0
-45 41 0
-46 41 0
-47 41 0
-48 41 0
-49 50 51 52 53 54 0
-50 49 0
-51 49 0
-52 49 0
-53 49 0
-54 49 0
-55 56 57 58 59 60 0
-56 55 0
-57 55 0
-58 55 0
-59 55 0
-60 55 0
-61 62 63 64 65 66 67 0
-62 61 0
-63 61 0
-64 61 0
-65 61 0
-66 61 0
-67 61 0
-68 69 70 71 72 73 74 75 0
-69 68 0
-70 68 0
-71 68 0
-72 68 0
-73 68 0
-74 68 0
-75 68 0
-76 77 78 79 80 81 0
-77 76 0
-78 76 0
-79 76 0
-80 76 0
-81 76 0
-82 83 84 85 86 87 0
-83 82 0
-84 82 0
-85 82 0
-86 82 0
-87 82 0
-88 89 90 91 92 93 94 0
-89 88 0
-90 88 0
-91 88 0
-92 88 0
-93 88 0
-94 88 0
-95 96 97 98 99 100 101 102 0
-96 95 0
-97 95 0
-98 95 0
-99 95 0
-100 95 0
-101 95 0
-102 95 0
-103 104 105 106 107 108 0
-104 103 0
-105 103 0
-106 103 0
-107 103 0
-108 103 0
-109 110 111 112 113 114 0
-110 109 0
-111 109 0
-112 109 0
-113 109 0
-114 109 0
-115 116 117 118 119 120 121 0
-116 115 0
-117 115 0
-118 115 0
-119 115 0
-120 115 0
-121 115 0
-122 123 124 125 126 127 128 129 0
-123 122 0
-124 122 0
-125 122 0
-126 122 0
-127 122 0
-128 122 0
-129 122 0
-130 131 132 133 134 135 0
-131 130 0
-132 130 0
-133 130 0
-134 130 0
-135 130 0
-136 137 138 139 140 141 0
-137 136 0
-138 136 0
-139 136 0
-140 136 0
-141 136 0
-142 143 144 145 146 147 148 0
-143 142 0
-144 142 0
-145 142 0
-146 142 0
-147 142 0
-148 142 0
-149 150 151 152 153 154 155 156 0
-150 149 0
-151 149 0
-152 149 0
-153 149 0
-154 149 0
-155 149 0
-156 149 0
-157 158 159 160 161 162 0
-158 157 0
-159 157 0
-160 157 0
-161 157 0
-162 157 0
-163 164 165 166 167 168 0
-164 163 0
-165 163 0
-166 163 0
-167 163 0
-168 163 0
-169 170 171 172 173 174 175 0
-170 169 0
-171 169 0
-172 169 0
-173 169 0
-174 169 0
-175 169 0
-176 177 178 179 180 181 182 183 0
-177 176 0
-178 176 0
-179 176 0
-180 176 0
-181 176 0
-182 176 0
-183 176 0
-184 185 186 187 188 189 0
-185 184 0
-186 184 0
-187 184 0
-188 184 0
-189 184 0
-190 191 192 193 194 195 0
-191 190 0
-192 190 0
-193 190 0
-194 190 0
-195 190 0
-196 197 198 199 200 201 202 0
-197 196 0
-198 196 0
-199 196 0
-200 196 0
-201 196 0
-202 196 0
-203 204 205 206 207 208 209 210 0
-204 203 0
-205 203 0
-206 203 0
-207 203 0
-208 203 0
-209 203 0
-210 203 0
-211 212 213 214 215 216 0
-212 211 0
-213 211 0
-214 211 0
-215 211 0
-216 211 0
-217 218 219 220 221 222 0
-218 217 0
-219 217 0
-220 217 0
-221 217 0
-222 217 0
-223 224 225 226 227 228 229 0
-224 223 0
-225 223 0
-226 223 0
-227 223 0
-228 223 0
-229 223 0
-230 231 232 233 234 235 236 237 0
-231 230 0
-232 230 0
-233 230 0
-234 230 0
-235 230 0
-236 230 0
-237 230 0
-238 239 240 241 242 243 0
-239 238 0
-240 238 0
-241 238 0
-242 238 0
-243 238 0
-244 245 246 247 248 249 0
-245 244 0
-246 244 0
-247 244 0
-248 244 0
-249 244 0
-250 251 252 253 254 255 256 0
-251 250 0
-252 250 0
-253 250 0
-254 250 0
-255 250 0
-256 250 0
-257 258 259 260 261 262 263 264 0
-258 257 0
-259 257 0
-260 257 0
-261 257 0
-262 257 0
-263 257 0
-264 257 0
-265 266 267 268 269 270 0
-266 265 0
-267 265 0
-268 265 0
-269 265 0
-270 265 0
-271 272 273 274 275 276 0
-272 271 0
-273 271 0
-274 271 0
-275 271 0
-276 271 0
-277 278 279 280 281 282 283 0
-278 277 0
-279 277 0
-280 277 0
-281 277 0
-282 277 0
-283 277 0
-284 285 286 287 288 289 290 291 0
-285 284 0
-286 284 0
-287 284 0
-288 284 0
-289 284 0
-290 284 0
-291 284 0
-292 293 294 295 296 297 0
-293 292 0
-294 292 0
-295 292 0
-296 292 0
-297 292 0
-298 299 300 301 302 303 0
-299 298 0
-300 298 0
-301 298 0
-302 298 0
-303 298 0
-304 305 306 307 308 309 310 0
-305 304 0
-306 304 0
-307 304 0
-308 304 0
-309 304 0
-310 304 0
-311 312 313 314 315 316 317 318 0
-312 311 0
-313 311 0
-314 311 0
-315 311 0
-316 311 0
-317 311 0
-318 311 0
-319 320 321 322 323 324 0
-320 319 0
-321 319 0
-322 319 0
-323 319 0
-324 319 0
-325 326 327 328 329 330 0
-326 325 0
-327 325 0
-328 325 0
-329 325 0
-330 325 0
-331 332 333 334 335 336 337 0
-332 331 0
-333 331 0
-334 331 0
-335 331 0
-336 331 0
-337 331 0
-338 339 340 341 342 343 344 345 0
-339 338 0
-340 338 0
-341 338 0
-342 338 0
-343 338 0
-344 338 0
-345 338 0
-346 347 348 349 350 351 0
-347 346 0
-348 346 0
-349 346 0
-350 346 0
-351 346 0
-352 353 354 355 356 357 0
-353 352 0
-354 352 0
-355 352 0
-356 352 0
-357 352 0
-358 359 360 361 362 363 364 0
-359 358 0
-360 358 0
-361 358 0
-362 358 0
-363 358 0
-364 358 0
-365 366 367 368 369 370 371 372 0
-366 365 0
-367 365 0
-368 365 0
-369 365 0
-370 365 0
-371 365 0
-372 365 0
-373 374 375 376 377 378 0
-374 373 0
-375 373 0
-376 373 0
-377 373 0
-378 373 0
-379 380 381 382 383 384 0
-380 379 0
-381 379 0
-382 379 0
-383 379 0
-384 379 0
-385 386 387 388 389 390 391 0
-386 385 0
-387 385 0
-388 385 0
-389 385 0
-390 385 0
-391 385 0
-392 393 394 395 396 397 398 399 0
-393 392 0
-394 392 0
-395 392 0
-396 392 0
-397 392 0
-398 392 0
-399 392 0
-400 401 402 403 404 405 0
-401 400 0
-402 400 0
-403 400 0
-404 400 0
-405 400 0
-406 407 408 409 410 411 0
-407 406 0
-408 406 0
-409 406 0
-410 406 0
-411 406 0
-412 413 414 415 416 417 418 0
-413 412 0
-414 412 0
-415 412 0
-416 412 0
-417 412 0
-418 412 0
-419 420 421 422 423 424 425 426 0
-420 419 0
-421 419 0
-422 419 0
-423 419 0
-424 419 0
-425 419 0
-426 419 0
-427 428 429 430 431 432 0
-428 427 0
-429 427 0
-430 427 0
-431 427 0
-432 427 0
-433 434 435 436 437 438 0
-434 433 0
-435 433 0
-436 433 0
-437 433 0
-438 433 0
-439 440 441 442 443 444 445 0
-440 439 0
-441 439 0
-442 439 0
-443 439 0
-444 439 0
-445 439 0
-446 447 448 449 450 451 452 453 0
-447 446 0
-448 446 0
-449 446 0
-450 446 0
-451 446 0
-452 446 0
-453 446 0
-454 455 456 457 458 459 0
-455 454 0
-456 454 0
-457 454 0
-458 454 0
-459 454 0
-460 461 462 463 464 465 0
-461 460 0
-462 460 0
-463 460 0
-464 460 0
-465 460 0
-466 467 468 469 470 471 472 0
-467 466 0
-468 466 0
-469 466 0
-470 466 0
-471 466 0
-472 466 0
-473 474 475 476 477 478 479 480 0
-474 473 0
-475 473 0
-476 473 0
-477 473 0
-478 473 0
-479 473 0
-480 473 0
-481 482 483 484 485 486 0
-482 481 0
-483 481 0
-484 481 0
-485 481 0
-486 481 0
-487 488 489 490 491 492 0
-488 487 0
-489 487 0
-490 487 0
-491 487 0
-492 487 0
-493 494 495 496 497 498 499 0
-494 493 0
-495 493 0
-496 493 0
-497 493 0
-498 493 0
-499 493 0
-500 501 502 503 504 505 506 507 0
-501 500 0
-502 500 0
-503 500 0
-504 500 0
-505 500 0
-506 500 0
-507 500 0
-508 509 510 511 512 513 0
-509 508 0
-510 508 0
-511 508 0
-512 508 0
-513 508 0
-514 515 516 517 518 519 0
-515 514 0
-516 514 0
-517 514 0
-518 514 0
-519 514 0
-520 521 522 523 524 525 526 0
-521 520 0
-522 520 0
-523 520 0
-524 520 0
-525 520 0
-526 520 0
-527 528 529 530 531 532 533 534 0
-528 527 0
-529 527 0
-530 527 0
-531 527 0
-532 527 0
-533 527 0
-534 527 0
-535 536 537 538 539 540 0
-536 535 0
-537 535 0
-538 535 0
-539 535 0
-540 535 0
-541 542 543 544 545 546 0
-542 541 0
-543 541 0
-544 541 0
-545 541 0
-546 541 0
-547 548 549 550 551 552 553 0
-548 547 0
-549 547 0
-550 547 0
-551 547 0
-552 547 0
-553 547 0
-554 555 556 557 558 559 560 561 0
-555 554 0
-556 554 0
-557 554 0
-558 554 0
-559 554 0
-560 554 0
-561 554 0
-562 563 564 565 566 567 0
-563 562 0
-564 562 0
-565 562 0
-566 562 0
-567 562 0
-568 569 570 571 572 573 0
-569 568 0
-570 568 0
-571 568 0
-572 568 0
-573 568 0
-574 575 576 577 578 579 580 0
-575 574 0
-576 574 0
-577 574 0
-578 574 0
-579 574 0
-580 574 0
-581 582 583 584 585 586 587 588 0
-582 581 0
-583 581 0
-584 581 0
-585 581 0
-586 581 0
-587 581 0
-588 581 0
-589 590 591 592 593 594 0
-590 589 0
-591 589 0
-592 589 0
-593 589 0
-594 589 0
-595 596 597 598 599 600 0
-596 595 0
-597 595 0
-598 595 0
-599 595 0
-600 595 0
-601 602 603 604 605 606 607 0
-602 601 0
-603 601 0
-604 601 0
-605 601 0
-606 601 0
-607 601 0
-608 609 610 611 612 613 614 615 0
-609 608 0
-610 608 0
-611 608 0
-612 608 0
-613 608 0
-614 608 0
-615 608 0
-616 617 618 619 620 621 0
-617 616 0
-618 616 0
-619 616 0
-620 616 0
-621 616 0
-622 623 624 625 626 627 0
-623 622 0
-624 622 0
-625 622 0
-626 622 0
-627 622 0
-628 629 630 631 632 633 634 0
-629 628 0
-630 628 0
-631 628 0
-632 628 0
-633 628 0
-634 628 0
-635 636 637 638 639 640 641 642 0
-636 635 0
-637 635 0
-638 635 0
-639 635 0
-640 635 0
-641 635 0
-642 635 0
-643 644 645 646 647 648 0
-644 643 0
-645 643 0
-646 643 0
-647 643 0
-648 643 0
-649 650 651 652 653 654 0
-650 649 0
-651 649 0
-652 649 0
-653 649 0
-654 649 0
-655 656 657 658 659 660 661 0
-656 655 0
-657 655 0
-658 655 0
-659 655 0
-660 655 0
-661 655 0
-662 663 664 665 666 667 668 669 0
-663 662 0
-664 662 0
-665 662 0
-666 662 0
-667 662 0
-668 662 0
-669 662 0
-670 671 672 673 674 675 0
-671 670 0
-672 670 0
-673 670 0
-674 670 0
-675 670 0
-676 677 678 679 680 681 0
-677 676 0
-678 676 0
-679 676 0
-680 676 0
-681 676 0
-682 683 684 685 686 687 688 0
-683 682 0
-684 682 0
-685 682 0
-686 682 0
-687 682 0
-688 682 0
-689 690 691 692 693 694 695 696 0
-690 689 0
-691 689 0
-692 689 0
-693 689 0
-694 689 0
-695 689 0
-696 689 0
-697 698 699 700 701 702 0
-698 697 0
-699 697 0
-700 697 0
-701 697 0
-702 697 0
-703 704 705 706 707 708 0
-704 703 0
-705 703 0
-706 703 0
-707 703 0
-708 703 0
-709 710 711 712 713 714 715 0
-710 709 0
-711 709 0
-712 709 0
-713 709 0
-714 709 0
-715 709 0
-716 717 718 719 720 721 722 723 0
-717 716 0
-718 716 0
-719 716 0
-720 716 0
-721 716 0
-722 716 0
-723 716 0
-724 725 726 727 728 729 0
-725 724 0
-726 724 0
-727 724 0
-728 724 0
-729 724 0
-730 731 732 733 734 735 0
-731 730 0
-732 730 0
-733 730 0
-734 730 0
-735 730 0
-736 737 738 739 740 741 742 0
-737 736 0
-738 736 0
-739 736 0
-740 736 0
-741 736 0
-742 736 0
-743 744 745 746 747 748 749 750 0
-744 743 0
-745 743 0
-746 743 0
-747 743 0
-748 743 0
-749 743 0
-750 743 0
-751 752 753 754 755 756 0
-752 751 0
-753 751 0
-754 751 0
-755 751 0
-756 751 0
-757 758 759 760 761 762 0
-758 757 0
-759 757 0
-760 757 0
-761 757 0
-762 757 0
-763 764 765 766 767 768 769 0
-764 763 0
-765 763 0
-766 763 0
-767 763 0
-768 763 0
-769 763 0
-770 771 772 773 774 775 776 777 0
-771 770 0
-772 770 0
-773 770 0
-774 770 0
-775 770 0
-776 770 0
-777 770 0
-778 779 780 781 782 783 0
-779 778 0
-780 778 0
-781 778 0
-782 778 0
-783 778 0
-784 785 786 787 788 789 0
-785 784 0
-786 784 0
-787 784 0
-788 784 0
-789 784 0
-790 791 792 793 794 795 796 0
-791 790 0
-792 790 0
-793 790 0
-794 790 0
-795 790 0
-796 790 0
-797 798 799 800 801 802 803 804 0
-798 797 0
-799 797 0
-800 797 0
-801 797 0
-802 797 0
-803 797 0
-804 797 0
-805 806 807 808 809 810 0
-806 805 0
-807 805 0
-808 805 0
-809 805 0
-810 805 0
-811 812 813 814 815 816 0
-812 811 0
-813 811 0
-814 811 0
-815 811 0
-816 811 0
-817 818 819 820 821 822 823 0
-818 817 0
-819 817 0
-820 817 0
-821 817 0
-822 817 0
-823 817 0
-824 825 826 827 828 829 830 831 0
-825 824 0
-826 824 0
-827 824 0
-828 824 0
-829 824 0
-830 824 0
-831 824 0
-832 833 834 835 836 837 0
-833 832 0
-834 832 0
-835 832 0
-836 832 0
-837 832 0
-838 839 840 841 842 843 0
-839 838 0
-840 838 0
-841 838 0
-842 838 0
-843 838 0
-844 845 846 847 848 849 850 0
-845 844 0
-846 844 0
-847 844 0
-848 844 0
-849 844 0
-850 844 0
-851 852 853 854 855 856 857 858 0
-852 851 0
-853 851 0
-854 851 0
-855 851 0
-856 851 0
-857 851 0
-858 851 0
-859 860 861 862 863 864 0
-860 859 0
-861 859 0
-862 859 0
-863 859 0
-864 859 0
-865 866 867 868 869 870 0
-866 865 0
-867 865 0
-868 865 0
-869 865 0
-870 865 0
-871 872 873 874 875 876 877 0
-872 871 0
-873 871 0
-874 871 0
-875 871 0
-876 871 0
-877 871 0
-878 879 880 881 882 883 884 885 0
-879 878 0
-880 878 0
-881 878 0
-882 878 0
-883 878 0
-884 878 0
-885 878 0
-886 887 888 889 890 891 0
-887 886 0
-888 886 0
-889 886 0
-890 886 0
-891 886 0
-892 893 894 895 896 897 0
-893 892 0
-894 892 0
-895 892 0
-896 892 0
-897 892 0
-898 899 900 901 902 903 904 0
-899 898 0
-900 898 0
-901 898 0
-902 898 0
-903 898 0
-904 898 0
-905 906 907 908 909 910 911 912 0
-906 905 0
-907 905 0
-908 905 0
-909 905 0
-910 905 0
-911 905 0
-912 905 0
-913 914 915 916 917 918 0
-914 913 0
-915 913 0
-916 913 0
-917 913 0
-918 913 0
-919 920 921 922 923 924 0
-920 919 0
-921 919 0
-922 919 0
-923 919 0
-924 919 0
-925 926 927 928 929 930 931 0
-926 925 0
-927 925 0
-928 925 0
-929 925 0
-930 925 0
-931 925 0
-932 933 934 935 936 937 938 939 0
-933 932 0
-934 932 0
-935 932 0
-936 932 0
-937 932 0
-938 932 0
-939 932 0
-940 941 942 943 944 945 0
-941 940 0
-942 940 0
-943 940 0
-944 940 0
-945 940 0
-946 947 948 949 950 951 0
-947 946 0
-948 946 0
-949 946 0
-950 946 0
-951 946 0
-952 953 954 955 956 957 958 0
-953 952 0
-954 952 0
-955 952 0
-956 952 0
-957 952 0
-958 952 0
-959 960 961 962 963 964 965 966 0
-960 959 0
-961 959 0
-962 959 0
-963 959 0
-964 959 0
-965 959 0
-966 959 0
-967 968 969 970 971 972 0
-968 967 0
-969 967 0
-970 967 0
-971 967 0
-972 967 0
-973 974 975 976 977 978 0
-974 973 0
-975 973 0
-976 973 0
-977 973 0
-978 973 0
-979 980 981 982 983 984 985 0
-980 979 0
-981 979 0
-982 979 0
-983 979 0
-984 979 0
-985 979 0
-986 987 988 989 990 991 992 993 0
-987 986 0
-988 986 0
-989 986 0
-990 986 0
-991 986 0
-992 986 0
-993 986 0
-994 995 996 997 998 999 0
-995 994 0
-996 994 0
-997 994 0
-998 994 0
-999 994 0
-1000 1001 1002 1003 1004 1005 0
-1001 1000 0
-1002 1000 0
-1003 1000 0
-1004 1000 0
-1005 1000 0
-1006 1007 1008 1009 1010 1011 1012 0
-1007 1006 0
-1008 1006 0
-1009 1006 0
-1010 1006 0
-1011 1006 0
-1012 1006 0
-1013 1014 1015 1016 1017 1018 1019 1020 0
-1014 1013 0
-1015 1013 0
-1016 1013 0
-1017 1013 0
-1018 1013 0
-1019 1013 0
-1020 1013 0
-1021 1022 1023 1024 1025 1026 0
-1022 1021 0
-1023 1021 0
-1024 1021 0
-1025 1021 0
-1026 1021 0
-1027 1028 1029 1030 1031 1032 0
-1028 1027 0
-1029 1027 0
-1030 1027 0
-1031 1027 0
-1032 1027 0
-1033 1034 1035 1036 1037 1038 1039 0
-1034 1033 0
-1035 1033 0
-1036 1033 0
-1037 1033 0
-1038 1033 0
-1039 1033 0
-1040 1041 1042 1043 1044 1045 1046 1047 0
-1041 1040 0
-1042 1040 0
-1043 1040 0
-1044 1040 0
-1045 1040 0
-1046 1040 0
-1047 1040 0
-1048 1049 1050 1051 1052 1053 0
-1049 1048 0
-1050 1048 0
-1051 1048 0
-1052 1048 0
-1053 1048 0
-1054 1055 1056 1057 1058 1059 0
-1055 1054 0
-1056 1054 0
-1057 1054 0
-1058 1054 0
-1059 1054 0
-1060 1061 1062 1063 1064 1065 1066 0
-1061 1060 0
-1062 1060 0
-1063 1060 0
-1064 1060 0
-1065 1060 0
-1066 1060 0
-1067 1068 1069 1070 1071 1072 1073 1074 0
-1068 1067 0
-1069 1067 0
-1070 1067 0
-1071 1067 0
-1072 1067 0
-1073 1067 0
-1074 1067 0
-1075 1076 1077 1078 1079 1080 0
-1076 1075 0
-1077 1075 0
-1078 1075 0
-1079 1075 0
-1080 1075 0
-1081 1082 1083 1084 1085 1086 0
-1082 1081 0
-1083 1081 0
-1084 1081 0
-1085 1081 0
-1086 1081 0
-1087 1088 1089 1090 1091 1092 1093 0
-1088 1087 0
-1089 1087 0
-1090 1087 0
-1091 1087 0
-1092 1087 0
-1093 1087 0
-1094 1095 1096 1097 1098 1099 1100 1101 0
-1095 1094 0
-1096 1094 0
-1097 1094 0
-1098 1094 0
-1099 1094 0
-1100 1094 0
-1101 1094 0
-1102 1103 1104 1105 1106 1107 0
-1103 1102 0
-1104 1102 0
-1105 1102 0
-1106 1102 0
-1107 1102 0
-1108 1109 1110 1111 1112 1113 0
-1109 1108 0
-1110 1108 0
-1111 1108 0
-1112 1108 0
-1113 1108 0
-1114 1115 1116 1117 1118 1119 1120 0
-1115 1114 0
-1116 1114 0
-1117 1114 0
-1118 1114 0
-1119 1114 0
-1120 1114 0
-1121 1122 1123 1124 1125 1126 1127 1128 0
-1122 1121 0
-1123 1121 0
-1124 1121 0
-1125 1121 0
-1126 1121 0
-1127 1121 0
-1128 1121 0
-1129 1130 1131 1132 1133 1134 0
-1130 1129 0
-1131 1129 0
-1132 1129 0
-1133 1129 0
-1134 1129 0
-1135 1136 1137 1138 1139 1140 0
-1136 1135 0
-1137 1135 0
-1138 1135 0
-1139 1135 0
-1140 1135 0
-1141 1142 1143 1144 1145 1146 1147 0
-1142 1141 0
-1143 1141 0
-1144 1141 0
-1145 1141 0
-1146 1141 0
-1147 1141 0
-1148 1149 1150 1151 1152 1153 1154 1155 0
-1149 1148 0
-1150 1148 0
-1151 1148 0
-1152 1148 0
-1153 1148 0
-1154 1148 0
-1155 1148 0
-1156 1157 1158 1159 1160 1161 0
-1157 1156 0
-1158 1156 0
-1159 1156 0
-1160 1156 0
-1161 1156 0
-1162 1163 1164 1165 1166 1167 0
-1163 1162 0
-1164 1162 0
-1165 1162 0
-1166 1162 0
-1167 1162 0
-1168 1169 1170 1171 1172 1173 1174 0
-1169 1168 0
-1170 1168 0
-1171 1168 0
-1172 1168 0
-1173 1168 0
-1174 1168 0
-1175 1176 1177 1178 1179 1180 1181 1182 0
-1176 1175 0
-1177 1175 0
-1178 1175 0
-1179 1175 0
-1180 1175 0
-1181 1175 0
-1182 1175 0
-1183 1184 1185 1186 1187 1188 0
-1184 1183 0
-1185 1183 0
-1186 1183 0
-1187 1183 0
-1188 1183 0
-1189 1190 1191 1192 1193 1194 0
-1190 1189 0
-1191 1189 0
-1192 1189 0
-1193 1189 0
-1194 1189 0
-1195 1196 1197 1198 1199 1200 1201 0
-1196 1195 0
-1197 1195 0
-1198 1195 0
-1199 1195 0
-1200 1195 0
-1201 1195 0
-1202 1203 1204 1205 1206 1207 1208 1209 0
-1203 1202 0
-1204 1202 0
-1205 1202 0
-1206 1202 0
-1207 1202 0
-1208 1202 0
-1209 1202 0
-1210 1211 1212 1213 1214 1215 0
-1211 1210 0
-1212 1210 0
-1213 1210 0
-1214 1210 0
-1215 1210 0
-1216 1217 1218 1219 1220 1221 0
-1217 1216 0
-1218 1216 0
-1219 1216 0
-1220 1216 0
-1221 1216 0
-1222 1223 1224 1225 1226 1227 1228 0
-1223 1222 0
-1224 1222 0
-1225 1222 0
-1226 1222 0
-1227 1222 0
-1228 1222 0
-1229 1230 1231 1232 1233 1234 1235 1236 0
-1230 1229 0
-1231 1229 0
-1232 1229 0
-1233 1229 0
-1234 1229 0
-1235 1229 0
-1236 1229 0
-1237 1238 1239 1240 1241 1242 0
-1238 1237 0
-1239 1237 0
-1240 1237 0
-1241 1237 0
-1242 1237 0
-1243 1244 1245 1246 1247 1248 0
-1244 1243 0
-1245 1243 0
-1246 1243 0
-1247 1243 0
-1248 1243 0
-1249 1250 1251 1252 1253 1254 1255 0
-1250 1249 0
-1251 1249 0
-1252 1249 0
-1253 1249 0
-1254 1249 0
-1255 1249 0
-1256 1257 1258 1259 1260 1261 1262 1263 0
-1257 1256 0
-1258 1256 0
-1259 1256 0
-1260 1256 0
-1261 1256 0
-1262 1256 0
-1263 1256 0
-1264 1265 1266 1267 1268 1269 0
-1265 1264 0
-1266 1264 0
-1267 1264 0
-1268 1264 0
-1269 1264 0
-1270 1271 1272 1273 1274 1275 0
-1271 1270 0
-1272 1270 0
-1273 1270 0
-1274 1270 0
-1275 1270 0
-1276 1277 1278 1279 1280 1281 1282 0
-1277 1276 0
-1278 1276 0
-1279 1276 0
-1280 1276 0
-1281 1276 0
-1282 1276 0
-1283 1284 1285 1286 1287 1288 1289 1290 0
-1284 1283 0
-1285 1283 0
-1286 1283 0
-1287 1283 0
-1288 1283 0
-1289 1283 0
-1290 1283 0
-1291 1292 1293 1294 1295 1296 0
-1292 1291 0
-1293 1291 0
-1294 1291 0
-1295 1291 0
-1296 1291 0
-1297 1298 1299 1300 1301 1302 0
-1298 1297 0
-1299 1297 0
-1300 1297 0
-1301 1297 0
-1302 1297 0
-1303 1304 1305 1306 1307 1308 1309 0
-1304 1303 0
-1305 1303 0
-1306 1303 0
-1307 1303 0
-1308 1303 0
-1309 1303 0
-1310 1311 1312 1313 1314 1315 1316 1317 0
-1311 1310 0
-1312 1310 0
-1313 1310 0
-1314 1310 0
-1315 1310 0
-1316 1310 0
-1317 1310 0
-1318 1319 1320 1321 1322 1323 0
-1319 1318 0
-1320 1318 0
-1321 1318 0
-1322 1318 0
-1323 1318 0
-1324 1325 1326 1327 1328 1329 0
-1325 1324 0
-1326 1324 0
-1327 1324 0
-1328 1324 0
-1329 1324 0
-1330 1331 1332 1333 1334 1335 1336 0
-1331 1330 0
-1332 1330 0
-1333 1330 0
-1334 1330 0
-1335 1330 0
-1336 1330 0
-1337 1338 1339 1340 1341 1342 1343 1344 0
-1338 1337 0
-1339 1337 0
-1340 1337 0
-1341 1337 0
-1342 1337 0
-1343 1337 0
-1344 1337 0
-1345 1346 1347 1348 1349 1350 0
-1346 1345 0
-1347 1345 0
-1348 1345 0
-1349 1345 0
-1350 1345 0
-1351 1352 1353 1354 1355 1356 0
-1352 1351 0
-1353 1351 0
-1354 1351 0
-1355 1351 0
-1356 1351 0
-1357 1358 1359 1360 1361 1362 1363 0
-1358 1357 0
-1359 1357 0
-1360 1357 0
-1361 1357 0
-1362 1357 0
-1363 1357 0
-1364 1365 1366 1367 1368 1369 1370 1371 0
-1365 1364 0
-1366 1364 0
-1367 1364 0
-1368 1364 0
-1369 1364 0
-1370 1364 0
-1371 1364 0
-1372 1373 1374 1375 1376 1377 0
-1373 1372 0
-1374 1372 0
-1375 1372 0
-1376 1372 0
-1377 1372 0
-1378 1379 1380 1381 1382 1383 0
-1379 1378 0
-1380 1378 0
-1381 1378 0
-1382 1378 0
-1383 1378 0
-1384 1385 1386 1387 1388 1389 1390 0
-1385 1384 0
-1386 1384 0
-1387 1384 0
-1388 1384 0
-1389 1384 0
-1390 1384 0
-1391 1392 1393 1394 1395 1396 1397 1398 0
-1392 1391 0
-1393 1391 0
-1394 1391 0
-1395 1391 0
-1396 1391 0
-1397 1391 0
-1398 1391 0
-1399 1400 1401 1402 1403 1404 0
-1400 1399 0
-1401 1399 0
-1402 1399 0
-1403 1399 0
-1404 1399 0
-1405 1406 1407 1408 1409 1410 0
-1406 1405 0
-1407 1405 0
-1408 1405 0
-1409 1405 0
-1410 1405 0
-1411 1412 1413 1414 1415 1416 1417 0
-1412 1411 0
-1413 1411 0
-1414 1411 0
-1415 1411 0
-1416 1411 0
-1417 1411 0
-1418 1419 1420 1421 1422 1423 1424 1425 0
-1419 1418 0
-1420 1418 0
-1421 1418 0
-1422 1418 0
-1423 1418 0
-1424 1418 0
-1425 1418 0
-1426 1427 1428 1429 1430 1431 0
-1427 1426 0
-1428 1426 0
-1429 1426 0
-1430 1426 0
-1431 1426 0
-1432 1433 1434 1435 1436 1437 0
-1433 1432 0
-1434 1432 0
-1435 1432 0
-1436 1432 0
-1437 1432 0
-1438 1439 1440 1441 1442 1443 1444 0
-1439 1438 0
-1440 1438 0
-1441 1438 0
-1442 1438 0
-1443 1438 0
-1444 1438 0
-1445 1446 1447 1448 1449 1450 1451 1452 0
-1446 1445 0
-1447 1445 0
-1448 1445 0
-1449 1445 0
-1450 1445 0
-1451 1445 0
-1452 1445 0
-1453 1454 1455 1456 1457 1458 0
-1454 1453 0
-1455 1453 0
-1456 1453 0
-1457 1453 0
-1458 1453 0
-1459 1460 1461 1462 1463 1464 0
-1460 1459 0
-1461 1459 0
-1462 1459 0
-1463 1459 0
-1464 1459 0
-1465 1466 1467 1468 1469 1470 1471 0
-1466 1465 0
-1467 1465 0
-1468 1465 0
-1469 1465 0
-1470 1465 0
-1471 1465 0
-1472 1473 1474 1475 1476 1477 1478 1479 0
-1473 1472 0
-1474 1472 0
-1475 1472 0
-1476 1472 0
-1477 1472 0
-1478 1472 0
-1479 1472 0
-1480 1481 1482 1483 1484 1485 0
-1481 1480 0
-1482 1480 0
-1483 1480 0
-1484 1480 0
-1485 1480 0
-1486 1487 1488 1489 1490 1491 0
-1487 1486 0
-1488 1486 0
-1489 1486 0
-1490 1486 0
-1491 1486 0
-1492 1493 1494 1495 1496 1497 1498 0
-1493 1492 0
-1494 1492 0
-1495 1492 0
-1496 1492 0
-1497 1492 0
-1498 1492 0
-1499 1500 1501 1502 1503 1504 1505 1506 0
-1500 1499 0
-1501 1499 0
-1502 1499 0
-1503 1499 0
-1504 1499 0
-1505 1499 0
-1506 1499 0
-1507 1508 1509 1510 1511 1512 0
-1508 1507 0
-1509 1507 0
-1510 1507 0
-1511 1507 0
-1512 1507 0
-1513 1514 1515 1516 1517 1518 0
-1514 1513 0
-1515 1513 0
-1516 1513 0
-1517 1513 0
-1518 1513 0
-1519 1520 1521 1522 1523 1524 1525 0
-1520 1519 0
-1521 1519 0
-1522 1519 0
-1523 1519 0
-1524 1519 0
-1525 1519 0
-1526 1527 1528 1529 1530 1531 1532 1533 0
-1527 1526 0
-1528 1526 0
-1529 1526 0
-1530 1526 0
-1531 1526 0
-1532 1526 0
-1533 1526 0
-1534 1535 1536 1537 1538 1539 0
-1535 1534 0
-1536 1534 0
-1537 1534 0
-1538 1534 0
-1539 1534 0
-1540 1541 1542 1543 1544 1545 0
-1541 1540 0
-1542 1540 0
-1543 1540 0
-1544 1540 0
-1545 1540 0
-1546 1547 1548 1549 1550 1551 1552 0
-1547 1546 0
-1548 1546 0
-1549 1546 0
-1550 1546 0
-1551 1546 0
-1552 1546 0
-1553 1554 1555 1556 1557 1558 1559 1560 0
-1554 1553 0
-1555 1553 0
-1556 1553 0
-1557 1553 0
-1558 1553 0
-1559 1553 0
-1560 1553 0
-1561 1562 1563 1564 1565 1566 0
-1562 1561 0
-1563 1561 0
-1564 1561 0
-1565 1561 0
-1566 1561 0
-1567 1568 1569 1570 1571 1572 0
-1568 1567 0
-1569 1567 0
-1570 1567 0
-1571 1567 0
-1572 1567 0
-1573 1574 1575 1576 1577 1578 1579 0
-1574 1573 0
-1575 1573 0
-1576 1573 0
-1577 1573 0
-1578 1573 0
-1579 1573 0
-1580 1581 1582 1583 1584 1585 1586 1587 0
-1581 1580 0
-1582 1580 0
-1583 1580 0
-1584 1580 0
-1585 1580 0
-1586 1580 0
-1587 1580 0
-1588 1589 1590 1591 1592 1593 0
-1589 1588 0
-1590 1588 0
-1591 1588 0
-1592 1588 0
-1593 1588 0
-1594 1595 1596 1597 1598 1599 0
-1595 1594 0
-1596 1594 0
-1597 1594 0
-1598 1594 0
-1599 1594 0
-1600 1601 1602 1603 1604 1605 1606 0
-1601 1600 0
-1602 1600 0
-1603 1600 0
-1604 1600 0
-1605 1600 0
-1606 1600 0
-1607 1608 1609 1610 1611 1612 1613 1614 0
-1608 1607 0
-1609 1607 0
-1610 1607 0
-1611 1607 0
-1612 1607 0
-1613 1607 0
-1614 1607 0
-1615 1616 1617 1618 1619 1620 0
-1616 1615 0
-1617 1615 0
-1618 1615 0
-1619 1615 0
-1620 1615 0
