0.0 10 10
0.0 8329 329
0.0 15847 601
0.0 9213 373
0.0 14645 577
0.0 17394 694
0.0 6744 278
0.0 16174 666
0.0 4227 168
0.0 464 39
0.0 11683 428
0.0 28826 893
0.0 112731 3145
0.0 112129 3190
0.0 54004 1563
0.0 56216 1646
0.0 103204 3002
0.0 7657 270
0.0 87514 2445
0.0 25618 821
0.0 44345 1263
0.2 664747 15518
0.2 805528 18609
0.0 196302 4558
0.2 789756 18580
0.1 307531 7299
0.1 492132 11554
0.3 1083362 25253
0.3 1138070 26315
0.1 379211 9299
0.1 339073 8293
1.3 3969717 80183
0.7 2463106 50074
2.2 5964973 123065
0.8 2794673 55647
0.3 1200407 24905
1.7 5235517 104613
2.4 6836258 136808
0.9 2841108 56870
1.5 4533618 92288
0.5 1569915 32426
19.4 37171999 668948
5.5 14689233 261765
18.8 36496159 647130
8.8 19901468 354511
12.2 27002303 479041
16.4 32577857 580334
6.6 16771343 294491
2.1 6499346 113743
15.3 31400288 558417
4.8 12451209 218985
0.0 1468 259
